10110001110011000101010001110101
00101000111101011001110000010010
11100010001100001011001110100011
11011100110011010101110110101100
00100110011110110000101000110110
11000111010000010011101000101100
01011100101111010100001110000010
01010111110011101011110000101100
01111001011110110111011110100010
00111001101111001110100000011100
01101101010010011010110010010101
01101100010101110111001101111101
10000100101010000101100111010100
01101111000100100101110001101001
10110001111110000011001101110001
11010100100110001110011001000010
01100010100011111111001110110100
01001011110011110101101101111101
01101111000011001000001011010000
11000000111001101010001011011110
11110010011001001100001000101000
01100011011001111000110101110101
01000101000101011000110111011001
11110111111000110010100100001010
01110010001001010100101101111010
01100000111101110110100101000111
01001100001101101111100001111011
11110100101101101010000000100100
10010111000001100100011101100011
10001011110010110011100011101111
10010011111111111010001100001001
11001111100000001000011000101100
00000001000111111011111101111111
00101111110000010101001000011011
10010111101110001011111100011111
11110010111101000010100010110110
00001100011001111110110011010100
10001000110001110111111010011100
01100100100100000111111010100110
11100001110001101100001000101001
00111001111000101000100110001010
10110010100111011011011001010111
00110111011011111111011001000111
00011100110011110110011101000001
10000001010010100101001111110000
11010110101100011111001000011001
11110001100011010100011101011101
00010001001001100000111000100001
10001100001000100011111111001001
10011000000100001000110111011010
01001001110101111111100000000101
00000011001110111001001000101001
10010100011111001000011100110000
01001001000101011100111110010000
10000000011001111101000000000010
10100110110110000001000100101001
00110100011111101000100001111100
11000011110111100100010011001001
01000100101001101100111110111110
10111010110111011010101001001011
10011010000100101111101101011111
01110000100011110110100001110011
10101111011111111001110111100101
11110000011100010100011100111011
00000101101011000100011001101110
10010101011110001110000011010010
10110101000101101010010110101110
10110110000110101111000100110010
11111011100110111101111101101010
01110010001010111010101110111110
10011001010001110010000111111111
11010111011001000001000011100011
10101011100111010011010001101010
01110111011100101001101111001010
11000111011001001100001000101000
11101011001000011000001011111001
00110010101000011001100001010111
00111110011101011100010001011010
01111011000100111110101001000000
11101000000001001011100111000011
10001011011000110110010001111100
00101000110111001111010111101100
11011011111001010101101001000111
10110101100001011111010110100101
00111101001010100010100000001000
10010001101010101001011101011110
01001001111101000110011010001101
00010010001010011111111110011100
00110100111101011000010100001110
00100011001010110100101001100000
11101010111101010111111001100011
10110010001111110000001001001100
00011111101010010101110001001111
11011111110001111101000010011001
11001000101010001011100000100110
01010010011001011111000100001000
00001000000010011110101110100010
10000010010000010010010000001100
01100111000101010011011111001000
11111000100110001000000011001000
10110110110101110011001000111010
00110011110011001111101110011011
01100110100111010111101001101011
11111111000100000101000001110111
10001010101101100001100011011111
10001101111001000010100110011000
10101001111000000101110000111100
01000001110010100100011001101101
10001011101010101110001110001110
00101111011110110111100100110100
01101000010000110010110111111001
00100010100001010010111001011010
11011100101011000100100000101111
01011100001011011100011001100111
01100110100111111000000001010101
11011001110100010101011010101101
01110011010101011010111110111101
10010011100110011010100001110111
00100011001001100001001111110010
10101010001101001101001010011101
10101111001110101011000110001111
10101111111000100011001111001010
11010010100001110000000010011100
01001100100101011010101111000001
11011100011100001101000001100000
01011111111011100110111011001101
11011000101011110010111111110111
11001000101100011010100111000101
01101111010001110100111000000000
10011000000111110011001010110000
00101100010000101000100011010100
10010001110111101001001001010111
01000110110100011111000100110100
11110001111101000111110001110100
00100010101000101101011010100111
11011110001110001111001101001101
10001100111001100111001100110111
10110011000110000110000010100110
10010110001000011110111011100100
10110101001111000100000001100010
11111011110110001000101000111010
10011110111011110001010000011000
11001000101011010110111001101010
10000111101111011111001000111101
10100011011111001001111011001100
01001000000110100100100001111110
01110100110111111010010001111011
10000011010111101000101000111101
10010001111101111100011111100011
11111110110101100111011011001111
00010101011001100100100010111000
11000110011001111100101000010011
01100011110100011100001010000011
11100110110001010101101101011101
01000001010010000110101010001000
11000000111000100100100100010001
10100010110111011111101011101100
01010001000101001100010000011000
10001101101001100010111111000010
11010001101001100110101000111100
11000010000000101110000000110110
00011011010001100001100111001111
11000111110001011000110101011111
11010100111011011101000110100101
10111101100110001010000010101110
11110001001100101101011000011010
01001000100100010100011111101111
10010100010010000111011010011011
01110111101111100101101000101110
10011101010011101101000111101100
10111101011100000010010100011001
00000111001001001110110011101010
01011010100010010101001000011111
11010000000000011100001000110000
00000000001011111101111000110001
01111101100010000000100101011111
01101101100111100110110001000101
00100101101110001001101101110111
10101110111110001000100101110101
11001111011111110101101101010001
10000110001001000011110111110111
11110001111110011001100000111101
00100011011110011101100101000111
01011000000101111110110111101001
00010001100011011011011010011010
10010100111111111111111010010001
00000101001111010101000001001001
01001111001001110011101111001100
11110101010110001011111011000111
11011001000011111011011110011101
00110100000110011000101111100110
11100011111011110000110011011111
00111110111000111001011111011100
01001001101011111010010110100100
11010110110111011110001100011101
00010000000010100110100111110111
01110010101101011000110011110100
11110011111101000000001001000011
11011111001011011110110100010111
01000010000100001001110101110001
11001101101000011100000000100100
00011010011011000001011010111001
11010100111000101101100010001101
01011010011110001001011000001011
10001111000110000000110001110111
00100100010101100110100000111000
10011110110101110100001010011000
00010101011001100011010101000111
01011011110011110110011010011001
10000010000001001010111100111101
01001000100010010111101101100010
00110100001100110011000001110100
10001100111110110100110000101101
01111111001110100111101010010100
00001111001010111000110101011111
11001100000000010011101111111001
01000100100100110111100000000100
00001001010001001011001101111111
00111001110001011110010110010000
10011001110100101000111111011100
10011111010111101011111000110110
00010101001110110001110110111011
00110110100101101101011010111000
01000011110000010111100011111100
11010101010111101010011011001000
10011110000011011010000010101111
10100111001101001000110111010111
01110100010101100000111010001001
10011100111100111010110010011110
10001000010001110100111110100011
00011110001110010011110101100001
10101111011010101101001100010111
01000010010101101000111010000111
01000001111001101100010111011000
11110101110111001000001011110110
10011101100000101011110111010100
01010101001011001111110010010011
00111011110000001110010011011011
00011010101110011010101110011011
00100000101100010011110101000011
00011011001001111110001100110101
11011111000110001001011100011110
11100110011010110110011001011011
00101001001011110001010100100100
00001000011011110111001000000110
11011110110100100101100111111111
11110010111000010101010000011101
00001100000111000100101101000101
00010100010101001001011011101110
00111101111101011010001001000111
10110111101101111011100001101010
11010110011010101011000101101111
10010100110011111101011101011011
00001111110110001111100111100110
10101110010001000011011011011000
10001110010000001101001100000001
